start=3248.078000
volume-restore-data=softvol:100.000000:100.000000:0
video-aspect=1.777778
